Matriz 1
6 6 6 8 1 5 6 5 6 8 9 7 1 0 3 1 2 3 1 0 0 9 9 7 9 6 6 6 1 8 4 9 0 6 6 5 6 7 2 3 
3 4 4 1 2 5 2 3 8 5 0 5 9 6 9 0 3 6 9 8 9 8 1 6 5 0 5 5 9 2 6 5 9 9 9 2 6 7 7 3 
7 1 0 1 5 0 6 2 6 7 5 1 3 3 3 7 1 3 0 3 8 8 0 1 8 6 0 0 9 8 4 4 7 9 4 6 7 0 8 5 
3 3 5 1 8 8 7 0 1 3 3 3 5 9 8 5 2 9 3 5 4 8 7 8 1 0 5 8 9 8 7 3 1 0 7 0 0 7 0 9 
2 9 5 0 0 3 4 7 2 4 2 5 4 1 1 9 2 3 9 5 3 6 0 5 3 5 5 2 6 7 9 5 8 3 1 0 9 4 4 5 
0 0 3 8 8 1 5 1 4 4 4 4 2 9 9 1 8 6 3 5 3 3 5 5 2 9 5 5 5 0 1 5 2 5 9 4 9 2 6 9 
0 7 6 7 1 8 1 6 9 3 1 3 7 0 7 5 1 3 9 3 1 9 8 8 6 8 3 4 8 7 7 3 7 0 2 3 6 8 9 4 
3 7 5 0 8 1 2 6 6 2 0 4 0 6 4 7 3 6 8 4 6 3 6 1 9 1 2 0 1 4 9 5 8 4 7 6 9 5 4 8 
3 6 1 7 7 2 6 0 0 5 8 5 3 4 8 2 9 8 0 7 1 8 1 6 7 2 4 4 0 9 6 3 5 7 3 6 9 6 7 4 
5 0 8 9 5 1 3 8 2 7 5 9 2 6 9 3 1 4 0 2 6 9 1 1 7 8 8 8 7 3 0 3 4 3 5 3 2 5 4 9 
9 6 1 1 3 8 2 7 3 4 1 1 4 8 7 2 9 5 6 1 0 7 3 1 8 6 5 4 8 0 2 3 4 4 6 5 7 2 9 8 
3 9 5 0 0 2 7 8 7 7 2 3 4 3 5 3 9 9 9 2 2 5 2 6 0 5 5 5 8 5 3 4 4 8 3 5 7 9 8 8 
0 6 4 9 1 0 6 8 8 5 9 1 7 5 0 9 9 8 6 1 3 3 7 1 0 3 3 7 8 0 9 1 5 5 8 3 1 4 2 7 
7 3 6 6 6 7 6 6 9 8 3 0 2 6 3 9 8 4 7 3 6 4 9 1 6 8 4 7 7 4 1 2 0 7 8 6 4 1 4 6 
5 4 8 9 9 6 8 1 8 9 2 3 9 3 1 6 7 8 7 0 4 9 9 4 1 6 2 3 8 6 9 9 8 1 9 3 2 9 5 2 
0 6 0 7 6 1 2 3 2 7 0 0 7 8 6 5 9 2 0 9 6 6 2 1 8 3 6 5 4 8 4 8 6 4 1 9 5 0 8 8 
7 9 6 8 9 4 3 0 2 8 1 5 5 0 1 4 4 1 1 5 8 8 4 3 9 4 3 3 8 6 7 0 7 4 4 2 2 8 3 5 
7 8 2 1 8 0 1 7 5 8 4 7 3 5 2 2 1 4 4 4 6 0 9 5 3 9 5 9 7 6 5 2 3 2 5 5 6 0 8 4 
2 3 3 8 9 1 9 4 4 5 6 5 9 1 5 0 9 9 0 4 7 7 5 3 0 2 1 2 5 9 0 1 6 6 3 8 0 0 9 6 
6 1 8 2 8 7 3 0 4 0 0 1 7 0 1 9 9 8 5 5 4 3 6 1 3 1 3 5 7 9 4 7 0 3 8 2 4 0 2 2 
6 8 7 1 1 7 1 2 2 9 7 3 0 5 8 9 2 3 4 7 6 6 1 1 7 4 9 9 3 3 3 8 3 8 9 9 2 6 6 8 
5 3 3 3 0 2 4 2 5 8 8 1 7 7 9 1 0 8 9 4 1 5 9 4 0 0 4 2 1 9 4 7 6 2 1 7 5 2 1 1 
3 1 5 3 4 0 4 8 7 0 9 2 3 0 3 8 7 8 7 4 8 3 6 8 3 1 0 8 8 2 4 9 5 5 4 4 6 7 0 7 
8 8 3 5 8 6 1 6 8 0 5 4 4 7 1 1 4 1 8 1 7 1 5 8 2 7 5 0 8 9 3 5 3 7 7 2 9 6 2 2 
5 4 4 4 4 5 9 7 9 9 4 5 7 3 8 6 5 5 8 3 7 2 1 2 6 1 6 9 1 5 7 4 6 4 0 9 1 6 5 7 
3 7 0 7 2 3 8 6 7 1 5 9 5 0 8 5 1 5 4 3 9 9 3 6 3 2 1 6 1 9 8 2 2 3 5 4 4 4 4 4 
1 5 0 2 1 2 0 3 9 1 4 0 2 9 8 5 3 5 3 9 2 8 2 9 9 7 1 5 8 3 2 0 0 3 6 1 9 6 4 5 
1 8 5 9 2 2 2 0 9 9 9 7 4 2 1 4 3 8 0 1 5 8 9 3 5 7 5 7 9 1 9 5 4 2 7 8 0 2 7 1 
0 1 4 8 9 6 9 1 0 9 0 2 8 3 3 9 4 1 0 1 3 1 4 8 0 5 9 4 5 4 5 1 8 7 4 3 1 2 8 1 
1 1 6 0 7 9 0 4 5 0 5 9 9 3 4 0 4 8 2 4 2 6 1 4 5 0 9 0 2 9 3 4 4 2 2 9 7 2 9 6 
4 8 7 3 7 1 2 1 2 4 5 5 2 2 7 7 7 6 7 8 4 6 9 5 3 1 5 2 6 0 3 9 4 8 7 9 0 0 7 4 
6 3 5 1 0 9 1 7 5 3 4 4 2 8 1 4 1 3 4 9 9 1 0 8 8 9 7 1 1 3 5 4 6 4 4 7 4 4 1 1 
8 3 6 9 5 4 3 0 6 3 9 6 1 0 6 1 5 4 1 5 9 0 8 5 6 9 1 4 7 8 0 2 8 1 4 8 8 0 3 7 
7 7 3 5 0 8 7 8 3 6 9 6 9 9 6 3 5 6 6 1 0 9 3 4 0 7 9 1 3 2 9 7 9 4 0 4 8 8 2 1 
8 5 7 0 1 2 8 8 7 5 4 9 4 7 6 2 2 6 8 9 0 6 6 0 2 3 8 1 4 2 8 7 8 1 1 0 7 6 4 0 
6 4 6 1 6 1 2 9 3 9 4 1 8 8 9 2 2 2 7 3 0 4 6 5 7 9 7 4 1 4 2 7 8 8 6 4 8 4 3 8 
7 3 8 7 3 3 0 2 3 7 2 1 3 8 9 0 4 5 2 6 6 2 2 7 5 8 8 1 9 9 8 6 4 1 8 5 0 3 3 2 
6 2 4 0 7 1 3 2 4 8 4 1 4 0 4 1 5 9 9 5 2 4 9 7 4 9 2 6 6 7 0 5 2 8 8 9 4 0 5 0 
3 2 4 5 4 3 3 3 7 8 8 8 3 8 7 2 3 0 5 8 2 6 4 2 2 9 2 6 9 0 7 3 0 0 4 7 4 4 3 4 
3 8 4 4 1 6 0 1 5 8 3 0 1 3 4 1 3 4 6 7 9 0 4 3 6 3 1 3 9 8 6 5 3 0 3 1 0 4 4 7 

Matriz 2
5 1 2 1 7 6 1 8 3 8 9 4 6 8 5 2 9 9 1 2 8 9 6 5 7 0 3 9 7 7 9 7 2 1 8 6 6 8 4 4 
1 2 3 8 1 6 4 2 1 6 3 8 2 4 2 2 6 0 8 1 5 4 3 1 2 7 5 6 4 0 2 9 1 0 9 1 2 9 3 4 
3 2 9 9 3 1 5 5 4 8 9 4 8 1 8 1 9 1 4 7 3 6 2 8 0 4 9 5 5 3 6 5 7 9 2 4 4 7 3 7 
4 5 3 5 1 4 2 4 1 7 9 2 3 6 6 4 8 8 2 3 3 3 0 0 3 6 3 2 9 7 3 0 3 6 5 3 8 7 7 3 
9 7 9 4 8 7 9 7 7 1 4 2 4 6 3 3 0 9 3 9 1 7 6 4 9 8 2 1 6 9 8 1 8 9 8 6 8 1 9 0 
1 5 2 2 7 7 6 5 6 7 4 6 8 9 5 9 1 3 6 4 9 0 6 2 9 9 5 9 6 4 1 9 3 8 0 2 7 7 9 8 
0 5 4 1 7 4 5 3 1 8 9 3 7 5 1 7 3 9 2 2 3 2 5 7 3 9 1 2 4 5 2 9 8 9 3 3 2 5 8 5 
2 6 1 4 7 5 6 1 7 8 6 9 4 0 0 7 6 0 6 8 8 0 2 3 4 1 7 2 6 7 2 4 1 8 1 5 2 5 7 3 
2 5 9 5 4 6 9 6 7 0 1 7 1 9 5 3 1 2 7 9 2 9 8 2 1 5 9 0 9 0 4 5 3 7 7 4 6 0 2 4 
8 9 4 0 9 1 6 0 8 5 5 4 5 9 3 4 5 1 5 7 5 1 9 3 0 2 0 2 7 7 8 1 9 6 7 3 4 3 6 1 
9 7 6 9 4 3 1 6 2 8 8 3 8 8 9 6 0 0 6 2 9 4 4 6 5 9 9 0 3 5 4 3 0 3 7 8 2 2 5 7 
6 8 5 5 3 5 5 4 4 5 2 1 8 3 3 8 4 4 9 0 4 2 5 9 3 4 0 1 8 4 0 2 3 5 0 7 2 9 5 0 
3 5 1 4 6 4 5 0 6 3 3 6 2 7 5 0 5 5 7 9 2 1 1 7 8 1 4 3 4 8 0 0 9 4 7 3 9 0 7 2 
0 1 2 7 6 6 8 4 4 7 3 6 4 5 5 1 5 6 0 6 1 5 2 1 1 1 1 7 5 1 3 9 8 0 1 6 0 5 4 3 
5 0 4 5 3 0 0 9 9 6 7 6 6 3 0 8 3 5 9 6 9 3 2 8 5 5 9 3 7 1 5 6 0 5 3 4 2 2 5 8 
8 4 9 8 5 5 2 0 6 4 3 4 9 4 0 6 1 9 1 9 0 1 2 7 1 0 3 3 3 0 5 5 0 8 5 9 6 9 4 8 
1 3 6 2 6 5 2 9 6 5 7 8 7 5 0 8 5 2 0 2 9 4 0 8 3 2 1 8 5 0 0 1 2 8 1 4 2 6 4 4 
9 2 1 0 9 6 1 8 3 1 0 7 8 8 0 1 2 3 7 4 6 7 0 6 5 0 7 8 4 1 0 8 8 9 8 3 6 6 7 1 
4 0 4 0 7 6 5 4 8 1 1 3 7 7 5 9 6 4 0 9 7 8 2 9 0 9 7 0 3 2 0 0 3 8 1 2 5 7 5 2 
1 9 3 5 1 8 1 1 7 9 0 2 3 7 8 7 0 8 0 3 3 7 4 0 1 3 2 0 5 8 8 3 6 7 9 2 6 0 3 5 
3 9 5 6 1 7 4 2 8 1 4 3 5 4 7 4 9 1 5 7 4 9 9 3 3 6 8 9 6 4 4 7 2 9 7 7 5 3 0 5 
3 4 2 8 8 3 1 7 0 4 9 2 7 5 5 4 4 3 3 9 6 5 7 4 5 8 1 3 9 2 0 7 5 7 6 4 4 4 6 1 
1 0 3 8 4 1 9 3 0 8 9 4 4 7 3 6 2 4 4 2 4 5 1 3 0 2 3 5 9 1 3 1 0 2 9 2 7 4 7 4 
8 0 7 3 8 2 6 6 3 2 7 3 4 7 4 1 1 7 9 6 7 0 7 3 8 7 4 2 7 1 2 7 8 4 0 6 3 7 4 5 
0 0 5 2 5 8 0 5 4 8 1 6 1 1 5 3 1 9 0 2 9 7 2 2 3 3 8 3 2 9 3 5 0 4 0 9 3 4 0 4 
0 2 8 1 4 1 7 6 3 9 2 6 7 1 9 3 4 1 3 6 6 9 8 3 9 8 3 8 8 9 6 1 0 6 6 4 4 9 2 7 
7 4 3 3 4 1 7 5 6 4 8 0 6 6 4 1 0 5 8 6 3 4 1 1 3 3 0 5 6 7 8 5 6 5 4 0 1 2 8 3 
3 4 5 3 4 4 3 4 5 7 2 8 3 0 8 4 4 8 9 2 4 7 8 0 2 6 4 1 9 1 7 2 6 4 4 3 6 1 6 4 
8 7 8 3 2 9 4 3 4 9 9 2 5 5 4 3 2 8 9 2 0 3 4 6 0 0 8 7 9 8 4 9 2 1 1 7 4 5 1 9 
6 0 8 1 4 3 3 9 4 1 3 8 1 9 6 5 4 3 8 1 6 5 1 8 4 2 1 8 5 9 0 9 4 6 9 7 6 8 8 6 
6 3 0 2 2 0 7 6 4 6 4 2 9 1 8 1 7 6 9 6 1 6 7 3 9 8 7 7 4 6 7 2 6 3 7 1 7 1 5 2 
6 4 5 1 2 5 9 8 5 2 3 7 6 1 3 9 7 6 5 4 9 0 0 5 2 2 5 1 0 2 9 6 7 0 3 3 8 4 4 9 
1 7 5 0 4 2 8 1 4 0 0 6 2 2 4 7 6 3 5 8 0 4 0 6 9 8 5 4 6 5 1 7 9 9 8 6 0 9 8 9 
6 0 3 0 5 0 2 5 1 0 6 0 8 2 6 5 3 8 3 6 1 7 9 7 3 1 5 8 2 0 6 6 5 5 7 1 3 4 5 4 
0 9 9 0 2 2 2 9 5 8 1 3 9 8 0 6 9 9 8 2 4 1 5 3 7 6 2 4 8 0 6 0 3 8 1 3 7 5 9 8 
4 7 8 0 4 7 0 0 1 6 1 3 8 4 8 5 9 1 4 5 6 4 4 1 6 1 1 8 2 0 7 5 0 7 1 8 9 4 1 2 
7 7 9 1 1 5 1 8 0 1 2 2 5 8 6 8 3 4 4 5 1 6 5 7 4 9 1 1 2 8 1 4 4 8 9 4 8 5 0 0 
3 7 3 3 2 8 0 8 3 4 4 5 4 9 2 2 3 2 0 6 9 7 9 5 6 9 0 8 6 2 8 6 6 1 5 2 4 5 7 1 
2 7 8 1 2 5 0 7 1 5 9 3 0 0 1 3 6 7 8 9 4 5 9 1 2 1 9 7 4 8 4 0 6 5 0 6 3 1 8 5 
5 7 4 5 6 8 9 3 3 1 5 0 4 4 7 7 2 9 1 9 3 0 1 0 3 1 3 2 6 6 1 9 0 2 7 2 1 5 9 0 

Resultado 2
792 770 939 662 858 753 768 1017 665 996 968 819 1021 988 869 885 789 869 953 857 1034 820 843 786 754 913 740 781 1086 790 792 885 731 961 904 794 904 942 996 786 
786 933 950 621 873 913 811 997 923 880 852 834 1027 1024 858 921 876 1010 1046 1135 888 948 927 888 805 921 935 883 1141 800 780 975 957 1118 917 812 913 866 1025 866 
718 783 910 479 741 752 613 786 632 730 750 642 833 791 754 753 690 864 755 905 669 794 794 722 668 652 723 765 863 816 672 849 649 928 864 839 758 754 764 737 
796 753 830 698 886 823 815 934 787 898 879 753 991 1009 753 778 651 990 926 910 817 744 731 763 748 820 706 812 1096 706 696 990 837 925 858 733 834 829 1063 767 
710 718 807 550 714 725 718 743 685 731 698 702 872 773 723 792 687 753 817 917 707 709 669 779 641 791 706 684 848 758 573 833 703 915 823 688 714 885 821 706 
717 818 955 579 777 762 759 949 717 866 829 683 954 880 758 861 701 948 806 926 772 784 725 707 692 794 682 710 1027 734 716 742 732 988 792 728 796 786 928 720 
738 798 983 693 839 853 836 946 787 942 905 884 928 971 858 885 789 874 1021 1104 929 867 827 815 796 967 919 829 1159 860 669 891 768 1059 895 812 933 962 1016 858 
696 778 909 592 769 847 783 865 749 757 665 750 929 843 734 862 780 875 768 999 762 860 693 760 697 796 777 762 897 709 691 857 692 1012 887 781 825 867 881 685 
822 808 910 593 840 801 610 1023 678 863 866 769 963 966 804 869 721 933 875 892 916 849 776 813 819 880 687 815 970 821 703 883 827 1033 952 814 837 860 999 708 
762 871 905 692 824 795 738 885 778 977 931 732 964 812 824 817 782 908 878 966 860 802 773 730 699 766 751 755 1136 867 774 860 712 993 796 837 746 872 969 751 
636 738 843 529 863 857 699 914 724 926 846 797 924 850 701 847 757 898 799 947 891 784 721 708 722 708 763 859 989 765 655 864 649 921 729 755 757 862 917 739 
813 841 967 587 923 887 794 974 791 872 921 878 1031 986 769 913 826 861 965 1072 942 873 855 897 710 836 835 901 1068 741 708 988 836 1066 903 766 819 970 1022 779 
725 832 847 682 814 772 796 775 732 911 856 786 999 900 746 802 778 848 861 955 730 759 682 751 644 766 809 749 1039 643 657 756 706 987 880 720 817 836 979 752 
759 856 1067 689 964 917 862 946 867 1051 965 873 1095 1040 874 958 845 1013 857 1055 916 948 874 809 701 816 845 912 1173 808 835 900 713 1165 926 874 972 965 1017 879 
887 988 1098 715 1025 940 1016 1102 900 1034 1047 962 1181 1187 890 958 999 1050 1049 1182 974 967 918 991 922 1042 884 987 1288 900 868 955 1038 1234 1075 895 1127 1072 1233 942 
694 831 889 594 769 848 731 801 766 831 778 788 819 815 804 840 765 924 800 971 781 770 661 645 667 659 682 791 933 842 724 844 762 962 888 799 833 762 901 736 
716 842 877 645 771 833 723 825 719 889 862 707 878 911 822 732 777 904 813 903 772 857 823 722 755 846 701 846 1067 877 743 847 751 958 945 782 840 887 919 718 
759 818 948 599 790 792 830 827 748 918 795 777 872 866 819 772 767 852 978 896 776 871 836 679 689 745 754 782 1067 852 771 757 705 925 910 806 840 832 897 717 
728 841 876 583 839 772 683 823 675 782 892 728 862 897 716 802 748 819 873 903 776 749 691 775 720 691 715 788 1000 779 575 795 769 1061 885 793 806 773 1001 692 
675 640 849 509 720 734 645 835 705 732 697 697 881 851 643 738 652 855 737 765 690 717 561 759 604 599 658 733 844 640 616 709 658 940 760 671 883 746 829 728 
818 919 1004 698 858 888 738 948 867 1033 887 825 1127 945 911 955 867 984 944 1034 997 881 897 761 733 835 841 908 1062 749 964 993 753 1040 905 848 886 933 1015 918 
708 596 700 531 762 618 676 763 656 711 711 720 826 920 710 752 674 666 793 822 787 702 551 742 597 684 667 638 836 609 590 769 718 826 851 652 768 717 844 660 
831 821 946 654 812 868 758 886 774 804 819 795 997 901 788 905 730 883 846 960 868 818 724 844 680 808 867 701 981 652 709 871 702 1009 874 820 871 848 882 802 
765 760 977 612 792 857 849 983 757 834 845 792 939 1031 836 832 789 858 900 930 854 891 808 816 786 890 775 867 1042 808 709 901 715 956 897 800 882 957 910 797 
815 904 934 639 956 915 846 878 933 918 877 900 1030 970 871 944 862 938 958 1114 963 898 857 846 775 875 878 834 1080 824 813 947 848 1143 926 859 906 882 1065 790 
720 780 830 649 758 764 665 869 708 811 800 754 916 886 755 839 759 834 957 882 844 778 795 765 744 879 761 717 1020 703 594 852 668 999 873 773 836 831 930 701 
608 656 841 603 691 780 568 847 653 810 665 706 767 848 711 697 529 828 741 843 751 781 734 601 607 735 713 650 935 642 594 810 586 814 740 719 701 714 705 684 
785 889 955 705 783 775 792 866 696 1004 896 784 1009 913 862 759 826 833 1049 909 827 853 845 696 709 829 848 831 1132 737 789 782 745 972 903 819 913 845 931 810 
694 737 827 484 761 586 743 682 672 754 835 606 836 778 637 672 635 878 819 904 579 600 706 668 702 707 577 727 917 743 676 676 820 954 724 669 736 749 957 722 
735 771 841 539 770 780 673 859 682 694 712 679 843 861 739 758 627 737 894 904 793 695 623 727 744 681 692 736 852 780 548 802 733 969 726 750 786 724 911 622 
794 793 950 676 811 802 742 873 758 906 891 717 1046 872 750 897 799 938 876 949 855 807 711 797 649 722 815 788 981 635 803 816 724 1001 844 788 864 859 935 831 
596 725 796 533 729 763 710 741 745 843 632 721 893 815 827 737 704 726 745 868 818 789 742 620 730 759 709 790 873 725 711 842 662 931 719 751 735 832 740 755 
743 836 1034 626 737 826 729 895 700 914 840 752 910 947 912 887 772 843 874 819 855 879 728 760 750 829 797 801 1071 860 695 848 598 1027 934 887 868 925 846 835 
829 847 828 684 955 816 879 976 788 995 975 892 1133 1041 869 924 858 832 974 1073 990 844 800 925 905 993 789 902 1085 849 742 991 908 1039 969 795 865 1014 1082 820 
698 781 777 631 799 769 809 869 769 918 825 780 961 902 741 854 750 805 854 935 823 849 704 847 656 824 756 709 988 792 722 856 836 958 885 705 762 848 929 734 
776 785 949 617 941 773 897 942 841 923 870 857 992 934 863 910 823 938 884 1118 928 857 773 837 809 838 795 784 1052 876 823 877 834 1025 955 801 846 916 1036 806 
733 727 890 567 752 730 756 932 809 951 847 773 933 903 821 711 831 862 922 877 856 815 707 708 746 725 773 894 1045 822 817 863 762 915 801 773 821 851 880 853 
752 687 954 456 859 717 686 894 711 836 764 754 945 923 767 806 731 836 855 867 862 862 772 786 689 713 730 775 965 705 737 715 720 1007 843 756 894 809 872 753 
685 833 863 647 725 766 726 789 734 978 788 677 936 853 841 795 698 794 816 866 778 782 798 668 635 799 698 658 1031 746 753 702 645 866 754 745 790 731 801 697 
589 664 727 514 609 739 655 699 696 742 650 680 703 787 702 677 645 688 739 730 733 698 626 560 512 642 732 708 852 680 606 766 570 740 744 626 689 706 723 697 

